1.250000000000000000e-01
1.200005101520252998e-01
1.151030507091113098e-01
1.103076216712580437e-01
1.056142230384654740e-01
1.010228548107336005e-01
9.653351698806243719e-02
9.214620957045198402e-02
8.786093255790224099e-02
8.367768595041320812e-02
7.959646974798489927e-02
7.561728395061728669e-02
7.174012855831037039e-02
6.796500357106417811e-02
6.429190898887868211e-02
6.072084481175391013e-02
5.725181103968981361e-02
5.388480767268646193e-02
5.061983471074379959e-02
4.745689215386184739e-02
4.439598000204059841e-02
4.143709825528006652e-02
3.858024691358025171e-02
3.582542597694111236e-02
3.317263544536271785e-02
3.062187531884501268e-02
2.817314559738801419e-02
2.582644628099172585e-02
2.358177736965614765e-02
2.143913886338128655e-02
1.939853076216712519e-02
1.745995306601366703e-02
1.562340577492092077e-02
1.388888888888888291e-02
1.225640240791755174e-02
1.072594633200693072e-02
9.297520661157023317e-03
7.971125395367817390e-03
6.746760534639319011e-03
5.624426078971529047e-03
4.604122028364448366e-03
3.685848382818074798e-03
2.869605142332413983e-03
2.155392306907456812e-03
1.543209876543208056e-03
1.033057851239667499e-03
6.249362309968352477e-04
3.188450158147113035e-04
1.147842056932963978e-04
1.275380063258839603e-05
1.275380063258867555e-05
1.147842056932980783e-04
3.188450158147140682e-04
6.249362309968373077e-04
1.033057851239672703e-03
1.543209876543211309e-03
2.155392306907464185e-03
2.869605142332418320e-03
3.685848382818079569e-03
4.604122028364458774e-03
5.624426078971535119e-03
6.746760534639332021e-03
7.971125395367824329e-03
9.297520661157038929e-03
1.072594633200694633e-02
1.225640240791756042e-02
1.388888888888890200e-02
1.562340577492093117e-02
1.745995306601368785e-02
1.939853076216713559e-02
2.143913886338131083e-02
2.358177736965617194e-02
2.582644628099173972e-02
2.817314559738804194e-02
3.062187531884502656e-02
3.317263544536274561e-02
3.582542597694114705e-02
3.858024691358025171e-02
4.143709825528009427e-02
4.439598000204061923e-02
4.745689215386188209e-02
5.061983471074382041e-02
5.388480767268649663e-02
5.725181103968984830e-02
6.072084481175391013e-02
6.429190898887872374e-02
6.796500357106419199e-02
7.174012855831041202e-02
7.561728395061731445e-02
7.959646974798495478e-02
8.367768595041324975e-02
8.786093255790226875e-02
9.214620957045203953e-02
9.653351698806246495e-02
1.010228548107336560e-01
1.056142230384655017e-01
1.103076216712580437e-01
1.151030507091113653e-01
1.200005101520253276e-01
1.250000000000000000e-01
