0.000000000000000000e+00
2.009998979695949359e-02
3.999591878379757381e-02
5.968778696051423721e-02
7.917559432710948031e-02
9.845934088358331004e-02
1.175390266299357334e-01
1.364146515661667503e-01
1.550862156922763191e-01
1.735537190082644676e-01
1.918171615141312236e-01
2.098765432098765593e-01
2.277318640955004747e-01
2.453831241710029976e-01
2.628303234363840724e-01
2.800734618916437269e-01
2.971125395367820166e-01
3.139475563717988305e-01
3.305785123966942241e-01
3.470054076114681973e-01
3.632282420161208614e-01
3.792470156106519941e-01
3.950617283950617065e-01
4.106723803693501096e-01
4.260789715335169814e-01
4.412815018875624884e-01
4.562799714314866306e-01
4.710743801652892970e-01
4.856647280889705987e-01
5.000510152025303690e-01
5.142332415059688300e-01
5.282114069992858152e-01
5.419855116824814356e-01
5.555555555555555802e-01
5.689215386185083601e-01
5.820834608713397751e-01
5.950413223140496033e-01
6.077951229466381777e-01
6.203448627691052764e-01
6.326905417814508992e-01
6.448321599836752682e-01
6.567697173757780504e-01
6.685032139577593568e-01
6.800326497296195205e-01
6.913580246913580973e-01
7.024793388429751984e-01
7.133965921844710456e-01
7.241097847158453060e-01
7.346189164370983127e-01
7.449239873482297325e-01
4.999489847974727952e-03
1.469237832874205688e-02
2.397714518926644806e-02
3.285379042954800904e-02
4.132231404958683352e-02
4.938271604938273412e-02
5.703499642893589128e-02
6.427915518824613150e-02
7.111519232731353113e-02
7.754310784613818730e-02
8.356290174471993348e-02
8.917457402305890846e-02
9.437812468115500120e-02
9.917355371900830885e-02
1.035608611366187343e-01
1.075400469339863330e-01
1.111111111111111327e-01
1.142740536679930641e-01
1.170288746046322104e-01
1.193755739210284744e-01
1.213141516171819395e-01
1.228446076930925501e-01
1.239669421487603340e-01
1.246811549841852912e-01
1.249872461993674078e-01
1.248852157943066976e-01
1.243750637690031607e-01
1.234567901234567833e-01
1.221303948576675791e-01
1.203958779716355482e-01
1.182532394653606489e-01
1.157024793388429645e-01
1.127435975920823980e-01
1.093765942250790463e-01
1.056014692378328679e-01
1.014182226303438072e-01
9.682685440261196153e-02
9.182736455463721970e-02
8.641975308641972053e-02
8.060401999795931138e-02
7.438016528925614490e-02
6.774818896031015170e-02
6.070809101112124156e-02
5.325987144168958104e-02
4.540353025201500359e-02
3.713906744209768268e-02
2.846648301193753505e-02
1.938577696153445315e-02
9.896949290888639936e-03
0.000000000000000000e+00
